3027.0165000004471949	0.0221682012002562
3027.2107244493449798	0.0209433554277628
3027.4049488982427647	0.0197185096552695
3027.5991733471405496	0.0184936638827761
3027.7933977960383345	0.0172688181102828
3027.9876222449361194	0.0160439723377894
3028.1818466938339043	0.0148191265652960
3028.3760711427316892	0.0135942807928027
3028.5702955916294741	0.0123694350203093
3028.7645200405272590	0.0112297685232589
3028.9587444894250439	0.0102197226627518
3029.1529689383228288	0.0092096768022447
3029.3471933872206137	0.0081996309417376
3029.5414178361183986	0.0071895850812304
3029.7356422850161835	0.0061795392207233
3029.9298667339144231	0.0051694933602139
3030.1240911828122080	0.0041594474997068
3030.3183156317099929	0.0031494016391996
3030.5125400806077778	0.0024532322122263
3030.7067645295055627	0.0018389435939993
3030.9009889784033476	0.0012246549757722
3031.0952134273011325	0.0006103663575452
3031.2894378761989174	-0.0000039222606818
3031.4836623250967023	-0.0006182108789088
3031.6778867739944872	-0.0012324994971359
3031.8721112228922721	-0.0018467881153629
3032.0663356717900569	-0.0023577914337646
3032.2605601206878418	-0.0024274848347344
3032.4547845695856267	-0.0024971782357043
3032.6490090184834116	-0.0025668716366741
3032.8432334673811965	-0.0026365650376440
3033.0374579162789814	-0.0027062584386138
3033.2316823651767663	-0.0027759518395837
3033.4259068140745512	-0.0028456452405536
3033.6201312629723361	-0.0029153386415234
3033.8143557118701210	-0.0026118668582074
3034.0085801607679059	-0.0020449843565712
3034.2028046096656908	-0.0014781018549351
3034.3970290585634757	-0.0009112193532990
3034.5912535074612606	-0.0003443368516629
3034.7854779563590455	0.0002225456499733
3034.9797024052568304	0.0007894281516094
3035.1739268541546153	0.0013563106532455
3035.3681513030524002	0.0019231931548816
3035.5623757519506398	0.0031285252505798
3035.7566002008484247	0.0043450582163463
3035.9508246497462096	0.0055615911821129
3036.1450490986439945	0.0067781241478794
3036.3392735475417794	0.0079946571136460
3036.5334979964395643	0.0092111900794126
3036.7277224453373492	0.0104277230451791
3036.9219468942351341	0.0116442560109457
3037.1161713431329190	0.0130746902258927
3037.3103957920307039	0.0148551446667675
3037.5046202409284888	0.0166355991076422
3037.6988446898262737	0.0184160535485170
3037.8930691387240586	0.0201965079893917
3038.0872935876218435	0.0219769624302664
3038.2815180365196284	0.0237574168711412
3038.4757424854174133	0.0255378713120159
3038.6699669343151982	0.0273183257528907
3038.8641913832129831	0.0293638069024768
3039.0584158321107680	0.0314858513234681
3039.2526402810085528	0.0336078957444594
3039.4468647299063377	0.0357299401654507
3039.6410891788041226	0.0378519845864420
3039.8353136277019075	0.0399740290074334
3040.0295380765996924	0.0420960734284247
3040.2237625254974773	0.0442181178494160
3040.4179869743952622	0.0463334540074074
3040.6122114232930471	0.0484165905029993
3040.8064358721908320	0.0504997269985912
3041.0006603210886169	0.0525828634941831
3041.1948847699864018	0.0546659999897749
3041.3891092188846415	0.0567491364853717
3041.5833336677824263	0.0588322729809636
3041.7775581166802112	0.0609154094765554
3041.9717825655779961	0.0629985459721473
3042.1660070144757810	0.0647416194251891
3042.3602314633735659	0.0662270693611492
3042.5544559122713508	0.0677125192971094
3042.7486803611691357	0.0691979692330695
3042.9429048100669206	0.0706834191690297
3043.1371292589647055	0.0721688691049898
3043.3313537078624904	0.0736543190409500
3043.5255781567602753	0.0751397689769101
3043.7198026056580602	0.0766252189128702
3043.9140270545558451	0.0768515353870499
3044.1082515034536300	0.0770328828090261
3044.3024759523514149	0.0772142302310022
3044.4967004012491998	0.0773955776529783
3044.6909248501469847	0.0775769250749544
3044.8851492990447696	0.0777582724969305
3045.0793737479425545	0.0779396199189066
3045.2735981968403394	0.0781209673408827
3045.4678226457381243	0.0775405795176514
3045.6620470946359092	0.0756180867385796
3045.8562715435336941	0.0736955939595077
3046.0504959924314790	0.0717731011804359
3046.2447204413292638	0.0698506084013640
3046.4389448902270487	0.0679281156222922
3046.6331693391248336	0.0660056228432203
3046.8273937880226185	0.0640831300641485
3047.0216182369208582	0.0621606372850721
3047.2158426858186431	0.0580599601321914
3047.4100671347164280	0.0532662243149194
3047.6042915836142129	0.0484724884976474
3047.7985160325119978	0.0436787526803754
3047.9927404814097827	0.0388850168631035
3048.1869649303075676	0.0340912810458315
3048.3811893792053525	0.0292975452285595
3048.5754138281031373	0.0245038094112875
3048.7696382770009222	0.0191755550816740
3048.9638627258987071	0.0109371444071147
3049.1580871747964920	0.0026987337325554
3049.3523116236942769	-0.0055396769420039
3049.5465360725920618	-0.0137780876165632
3049.7407605214898467	-0.0220164982911225
3049.9349849703876316	-0.0302549089656818
3050.1292094192854165	-0.0384933196402411
3050.3234338681832014	-0.0467317303148004
3050.5176583170809863	-0.0569834922715629
3050.7118827659787712	-0.0688711021451054
3050.9061072148765561	-0.0807587120186479
3051.1003316637743410	-0.0926463218921903
3051.2945561126721259	-0.1045339317657328
3051.4887805615699108	-0.1164215416392753
3051.6830050104676957	-0.1283091515128178
3051.8772294593654806	-0.1401967613863603
3052.0714539082632655	-0.1520843712599027
3052.2656783571610504	-0.1671262050268831
3052.4599028060588353	-0.1823400873698704
3052.6541272549566202	-0.1975539697128577
3052.8483517038548598	-0.2127678520558806
3053.0425761527526447	-0.2279817343988679
3053.2368006016504296	-0.2431956167418552
3053.4310250505482145	-0.2584094990848425
3053.6252494994459994	-0.2736233814278298
3053.8194739483437843	-0.2896582778004496
3054.0136983972415692	-0.3072531008293707
3054.2079228461393541	-0.3248479238582918
3054.4021472950371390	-0.3424427468872129
3054.5963717439349239	-0.3600375699161339
3054.7905961928327088	-0.3776323929450549
3054.9848206417304937	-0.3952272159739760
3055.1790450906282786	-0.4128220390028971
3055.3732695395260635	-0.4304168620318182
3055.5674939884238484	-0.4486320778668429
3055.7617184373216332	-0.4670637097970194
3055.9559428862194181	-0.4854953417271961
3056.1501673351172030	-0.5039269736573726
3056.3443917840149879	-0.5223586055875492
3056.5386162329127728	-0.5407902375177258
3056.7328406818105577	-0.5592218694479023
3056.9270651307083426	-0.5776535013780789
3057.1212895796061275	-0.5959236277746857
3057.3155140285039124	-0.6131843445864900
3057.5097384774016973	-0.6304450613982940
3057.7039629262994822	-0.6477057782100983
3057.8981873751972671	-0.6649664950219025
3058.0924118240950520	-0.6822272118337067
3058.2866362729928369	-0.6994879286455110
3058.4808607218910765	-0.7167486454573555
3058.6750851707888614	-0.7340093622691598
3058.8693096196866463	-0.7494577523077810
3059.0635340685844312	-0.7633276641891228
3059.2577585174822161	-0.7771975760704645
3059.4519829663800010	-0.7910674879518064
3059.6462074152777859	-0.8049373998331482
3059.8404318641755708	-0.8188073117144897
3060.0346563130733557	-0.8326772235958316
3060.2288807619711406	-0.8465471354771735
3060.4231052108689255	-0.8604170473585152
3060.6173296597667104	-0.8691847814935039
3060.8115541086644953	-0.8775745765361673
3061.0057785575622802	-0.8859643715788307
3061.2000030064600651	-0.8943541666214941
3061.3942274553578500	-0.9027439616641575
3061.5884519042556349	-0.9111337567068208
3061.7826763531534198	-0.9195235517494843
3061.9769008020512047	-0.9279133467921478
3062.1711252509489896	-0.9339796318289554
3062.3653496998467745	-0.9352766068537424
3062.5595741487445594	-0.9365735818785295
3062.7537985976423442	-0.9378705569033164
3062.9480230465401291	-0.9391675319281034
3063.1422474954379140	-0.9404645069528904
3063.3364719443356989	-0.9417614819776773
3063.5306963932334838	-0.9430584570024645
3063.7249208421312687	-0.9443554320272516
3063.9191452910290536	-0.9399072443356008
3064.1133697399272933	-0.9332704232281532
3064.3075941888250782	-0.9266336021207213
3064.5018186377228631	-0.9199967810132893
3064.6960430866206480	-0.9133599599058573
3064.8902675355184329	-0.9067231387984254
3065.0844919844162177	-0.9000863176909932
3065.2787164333140026	-0.8934494965835613
3065.4729408822117875	-0.8858690593883290
3065.6671653311095724	-0.8714137049820366
3065.8613897800073573	-0.8569583505757442
3066.0556142289051422	-0.8425029961694516
3066.2498386778029271	-0.8280476417631591
3066.4440631267007120	-0.8135922873568667
3066.6382875755984969	-0.7991369329505741
3066.8325120244962818	-0.7846815785442817
3067.0267364733940667	-0.7702262241379892
3067.2209609222918516	-0.7522851124789497
3067.4151853711896365	-0.7310906273839995
3067.6094098200874214	-0.7098961422890494
3067.8036342689852063	-0.6887016571940994
3067.9978587178829912	-0.6675071720991493
3068.1920831667807761	-0.6463126870041992
3068.3863076156785610	-0.6251182019092490
3068.5805320645763459	-0.6039237168142989
3068.7747565134741308	-0.5827292317193489
3068.9689809623719157	-0.5571188148296136
3069.1632054112697006	-0.5310918006007445
3069.3574298601674855	-0.5050647863718755
3069.5516543090652704	-0.4790377721430063
3069.7458787579635100	-0.4530107579140763
3069.9401032068612949	-0.4269837436852073
3070.1343276557590798	-0.4009567294563381
3070.3285521046568647	-0.3749297152274691
3070.5227765535546496	-0.3481621470334738
3070.7170010024524345	-0.3197489033614369
3070.9112254513502194	-0.2913356596894001
3071.1054499002480043	-0.2629224160173632
3071.2996743491457892	-0.2345091723453264
3071.4938987980435741	-0.2060959286732896
3071.6881232469413590	-0.1776826850012528
3071.8823476958391439	-0.1492694413292159
3072.0765721447369287	-0.1208561976571790
3072.2707965936347136	-0.0926114692349308
3072.4650210425324985	-0.0644366129894240
3072.6592454914302834	-0.0362617567439172
3072.8534699403280683	-0.0080869004984105
3073.0476943892258532	0.0200879557470963
3073.2419188381236381	0.0482628119926031
3073.4361432870214230	0.0764376682381098
3073.6303677359192079	0.1046125244836166
3073.8245921848169928	0.1325107397282238
3074.0188166337147777	0.1580113996316595
3074.2130410826125626	0.1835120595350951
3074.4072655315103475	0.2090127194385308
3074.6014899804081324	0.2345133793419665
3074.7957144293059173	0.2600140392454021
3074.9899388782037022	0.2855146991488378
3075.1841633271014871	0.3110153590522735
3075.3783877759992720	0.3365160189557091
3075.5726122248975116	0.3597131541037413
3075.7668366737952965	0.3806067644962614
3075.9610611226930814	0.4015003748887814
3076.1552855715908663	0.4223939852813014
3076.3495100204886512	0.4432875956738215
3076.5437344693864361	0.4641812060663415
3076.7379589182842210	0.4850748164588616
3076.9321833671820059	0.5059684268513817
3077.1264078160797908	0.5268620372439016
3077.3206322649775757	0.5425243144789732
3077.5148567138753606	0.5575829763497345
3077.7090811627731455	0.5726416382204957
3077.9033056116709304	0.5877003000912568
3078.0975300605687153	0.6027589619620181
3078.2917545094665002	0.6178176238327792
3078.4859789583642851	0.6328762857035403
3078.6802034072620700	0.6479349475743015
3078.8744278561598549	0.6611498416578543
3079.0686523050576398	0.6699180016663692
3079.2628767539554246	0.6786861616748842
3079.4571012028532095	0.6874543216833989
3079.6513256517509944	0.6962224816919137
3079.8455501006487793	0.7049906417004285
3080.0397745495465642	0.7137588017089435
3080.2339989984443491	0.7225269617174582
3080.4282234473421340	0.7312951217259731
3080.6224478962399189	0.7359094549900842
3080.8166723451377038	0.7386545662191948
3081.0108967940354887	0.7413996774483051
3081.2051212429332736	0.7441447886774157
3081.3993456918315132	0.7468898999065328
3081.5935701407292981	0.7496350111356432
3081.7877945896270830	0.7523801223647536
3081.9820190385248679	0.7551252335938642
3082.1762434874226528	0.7574229551377861
3082.3704679363204377	0.7549783460187471
3082.5646923852182226	0.7525337368997080
3082.7589168341160075	0.7500891277806692
3082.9531412830137924	0.7476445186616301
3083.1473657319115773	0.7451999095425909
3083.3415901808093622	0.7427553004235519
3083.5358146297071471	0.7403106913045129
3083.7300390786049320	0.7378660821854738
3083.9242635275027169	0.7334927108729796
3084.1184879764005018	0.7270528086389348
3084.3127124252982867	0.7206129064048901
3084.5069368741960716	0.7141730041708455
3084.7011613230938565	0.7077331019368006
3084.8953857719916414	0.7012931997027559
3085.0896102208894263	0.6948532974687113
3085.2838346697872112	0.6884133952346666
3085.4780591186849961	0.6819734930006219
3085.6722835675827810	0.6731969278131460
3085.8665080164805659	0.6640996441810789
3086.0607324653783508	0.6550023605490120
3086.2549569142761356	0.6459050769169450
3086.4491813631739205	0.6368077932848778
3086.6434058120717054	0.6277105096528108
3086.8376302609694903	0.6186132260207436
3087.0318547098677300	0.6095159423886554
3087.2260791587655149	0.6000413740935491
3087.4203036076632998	0.5895764335579747
3087.6145280565610847	0.5791114930224004
3087.8087525054588696	0.5686465524868261
3088.0029769543566545	0.5581816119512516
3088.1972014032544394	0.5477166714156771
3088.3914258521522243	0.5372517308801028
3088.5856503010500091	0.5267867903445285
3088.7798747499477940	0.5163218498089541
3088.9740991988455789	0.5056785110312472
3089.1683236477433638	0.4949482602894247
3089.3625480966411487	0.4842180095476022
3089.5567725455389336	0.4734877588057797
3089.7509969944367185	0.4627575080639571
3089.9452214433345034	0.4520272573221346
3090.1394458922322883	0.4412970065803120
3090.3336703411300732	0.4305667558384895
3090.5278947900278581	0.4198759287014245
3090.7221192389256430	0.4097173202285826
3090.9163436878234279	0.3995587117557408
3091.1105681367212128	0.3894001032828989
3091.3047925856189977	0.3792414948100570
3091.4990170345167826	0.3690828863372152
3091.6932414834145675	0.3589242778643733
3091.8874659323123524	0.3487656693915314
3092.0816903812101373	0.3386070609186895
3092.2759148301079222	0.3289698972058206
3092.4701392790057071	0.3199314293284797
3092.6643637279039467	0.3108929614511176
3092.8585881768017316	0.3018544935737766
3093.0528126256995165	0.2928160256964357
3093.2470370745973014	0.2837775578190947
3093.4412615234950863	0.2747390899417537
3093.6354859723928712	0.2657006220644128
3093.8297104212906561	0.2566621541870718
3094.0239348701884410	0.2488336901753163
3094.2181593190862259	0.2411988267820521
3094.4123837679840108	0.2335639633887880
3094.6066082168817957	0.2259290999955239
3094.8008326657795806	0.2182942366022597
3094.9950571146773655	0.2106593732089957
3095.1892815635751504	0.2030245098157315
3095.3835060124729353	0.1953896464224674
3095.5777304613707201	0.1881355678878809
3095.7719549102685050	0.1819730726148401
3095.9661793591662899	0.1758105773417993
3096.1604038080640748	0.1696480820687584
3096.3546282569618597	0.1634855867957176
3096.5488527058596446	0.1573230915226768
3096.7430771547574295	0.1511605962496360
3096.9373016036552144	0.1449981009765952
3097.1315260525529993	0.1388356057035544
3097.3257505014507842	0.1335828625405804
3097.5199749503485691	0.1288089362776419
3097.7141993992463540	0.1240350100147034
3097.9084238481441389	0.1192610837517648
3098.1026482970419238	0.1144871574888263
3098.2968727459401634	0.1097132312258766
3098.4910971948379483	0.1049393049629380
3098.6853216437357332	0.1001653786999995
3098.8795460926335181	0.0954542132291899
3099.0737705415313030	0.0918936622807360
3099.2679949904290879	0.0883331113322822
3099.4622194393268728	0.0847725603838284
3099.6564438882246577	0.0812120094353745
3099.8506683371224426	0.0776514584869207
3100.0448927860202275	0.0740909075384668
3100.2391172349180124	0.0705303565900130
3100.4333416838157973	0.0669698056415591
3100.6275661327135822	0.0638565370241891
3100.8217905816113671	0.0612937697373821
3101.0160150305091520	0.0587310024505750
3101.2102394794069369	0.0561682351637680
3101.4044639283047218	0.0536054678769609
3101.5986883772025067	0.0510427005901538
3101.7929128261002916	0.0484799333033468
3101.9871372749980765	0.0459171660165397
3102.1813617238958614	0.0433543987297326
3102.3755861727936463	0.0414500767806948
3102.5698106216914312	0.0396666937712481
3102.7640350705892160	0.0378833107618015
3102.9582595194870009	0.0360999277523549
3103.1524839683847858	0.0343165447429083
3103.3467084172825707	0.0325331617334617
3103.5409328661803556	0.0307497787240151
3103.7351573150781405	0.0289663957145684
3103.9293817639763802	0.0273234402759939
3104.1236062128741651	0.0261218286316021
3104.3178306617719500	0.0249202169872103
3104.5120551106697349	0.0237186053428186
3104.7062795595675198	0.0225169936984268
3104.9005040084653047	0.0213153820540350
3105.0947284573630895	0.0201137704096432
3105.2889529062608744	0.0189121587652514
3105.4831773551586593	0.0177105471208596
3105.6774018040564442	0.0167747975128873
3105.8716262529542291	0.0159899425742344
3106.0658507018520140	0.0152050876355814
3106.2600751507497989	0.0144202326969285
3106.4542995996475838	0.0136353777582755
3106.6485240485453687	0.0128505228196226
3106.8427484974431536	0.0120656678809696
3107.0369729463409385	0.0112808129423167
3107.2311973952387234	0.0105058685676325
3107.4254218441365083	0.0100084199840730
3107.6196462930342932	0.0095109714005135
3107.8138707419320781	0.0090135228169540
3108.0080951908298630	0.0085160742333944
3108.2023196397276479	0.0080186256498349
3108.3965440886254328	0.0075211770662754
3108.5907685375232177	0.0070237284827158
3108.7849929864210026	0.0065262798991563
3108.9792174353187875	0.0061112655399671
3109.1734418842165724	0.0058050643569473
3109.3676663331143573	0.0054988631739276
3109.5618907820121422	0.0051926619909079
3109.7561152309099270	0.0048864608078882
3109.9503396798081667	0.0045802596248678
3110.1445641287059516	0.0042740584418481
3110.3387885776037365	0.0039678572588283
3110.5330130265015214	0.0036616560758086
3110.7272374753993063	0.0034572703123326
3110.9214619242970912	0.0032740960945946
3111.1156863731948761	0.0030909218768566
3111.3099108220926610	0.0029077476591186
3111.5041352709904459	0.0027245734413806
3111.6983597198882308	0.0025413992236426
3111.8925841687860157	0.0023582250059046
3112.0868086176838005	0.0021750507881666
3112.2810330665815854	0.0020090496298474
3112.4752575154793703	0.0019024936772085
3112.6694819643771552	0.0017959377245696
3112.8637064132749401	0.0016893817719308
3113.0579308621727250	0.0015828258192919
3113.2521553110705099	0.0014762698666531
3113.4463797599682948	0.0013697139140142
3113.6406042088660797	0.0012631579613754
3113.8348286577638646	0.0011566020087365
3114.0290531066616495	0.0010787530302364
3114.2232775555594344	0.0010184472025989
3114.4175020044572193	0.0009581413749614
3114.6117264533550042	0.0008978355473239
3114.8059509022527891	0.0008375297196864
3115.0001753511505740	0.0007772238920489
3115.1943998000483589	0.0007169180644113
3115.3886242489461438	0.0006566122367738
3115.5828486978443834	0.0005967734087623
3115.7770731467421683	0.0005635535594402
3115.9712975956399532	0.0005303337101180
3116.1655220445377381	0.0004971138607959
3116.3597464934355230	0.0004638940114737
3116.5539709423333079	0.0004306741621516
3116.7481953912310928	0.0003974543128294
3116.9424198401288777	0.0003642344635073
3117.1366442890266626	0.0003310146141852
3117.3308687379244475	0.0003041682152465
3117.5250931868222324	0.0002863508710178
3117.7193176357200173	0.0002685335267892
3117.9135420846178022	0.0002507161825605
3118.1077665335155871	0.0002328988383318
3118.3019909824133720	0.0002150814941031
3118.4962154313111569	0.0001972641498745
3118.6904398802089418	0.0001794468056458
3118.8846643291067267	0.0001616294614171
3119.0788887780045116	0.0001507100241876
3119.2731132269022964	0.0001414049907240
3119.4673376758000813	0.0001320999572603
3119.6615621246978662	0.0001227949237967
3119.8557865735956511	0.0001134898903330
3120.0500110224934360	0.0001041848568694
3120.2442354713912209	0.0000948798234057
3120.4384599202890058	0.0000855747899421
3120.6326843691867907	0.0000772166213504
3120.8269088180845756	0.0000724881014347
3121.0211332669823605	0.0000677595815190
3121.2153577158806002	0.0000630310616033
3121.4095821647783850	0.0000583025416876
3121.6038066136761699	0.0000535740217719
3121.7980310625739548	0.0000488455018562
3121.9922555114717397	0.0000441169819405
3122.1864799603695246	0.0000393884620248
3122.3807044092673095	0.0000361053229851
3122.5749288581650944	0.0000337720056640
3122.7691533070628793	0.0000314386883429
3122.9633777559606642	0.0000291053710218
3123.1576022048584491	0.0000267720537007
3123.3518266537562340	0.0000244387363796
3123.5460511026540189	0.0000221054190585
3123.7402755515518038	0.0000197721017373
3123.9345000004495887	0.0000174387844162
